1377.5600000000004,-4831.9400000000005
1232.5600000000004,-4866.9400000000005
1117.5600000000004,-4846.9400000000005
1062.5600000000004,-4876.9400000000005
952.5600000000004,-4846.9400000000005
892.5600000000004,-4866.9400000000005
787.5600000000004,-4846.9400000000005
750.0600000000004,-4874.4400000000005
755.0600000000004,-4964.4400000000005
722.5600000000004,-5006.9400000000005
627.5600000000004,-4956.9400000000005
472.5600000000004,-5016.9400000000005
422.5600000000004,-5011.9400000000005
357.5600000000004,-5091.9400000000005
297.5600000000004,-5066.9400000000005
232.5600000000004,-5071.9400000000005
-62.4399999999996,-5156.9400000000005
-157.4399999999996,-5086.9400000000005
-252.4399999999996,-5156.9400000000005
-282.4399999999996,-5211.9400000000005
-332.4399999999996,-5231.9400000000005
-362.4399999999996,-5281.9400000000005
-402.4399999999996,-5291.9400000000005
-467.4399999999996,-5266.9400000000005
-562.4399999999996,-5301.9400000000005
-612.4399999999996,-5296.9400000000005
-852.4399999999996,-5396.9400000000005
-897.4399999999996,-5381.9400000000005
-1117.4399999999996,-5431.9400000000005
-1167.4399999999996,-5371.9400000000005
-1257.4399999999996,-5376.9400000000005
-1417.4399999999996,-5466.9400000000005
-1502.4399999999996,-5546.9400000000005
-1592.4399999999996,-5566.9400000000005
-1687.4399999999996,-5671.9400000000005
-1777.4399999999996,-5701.9400000000005
-2027.4399999999996,-5861.9400000000005
-2132.4399999999996,-5886.9400000000005
-2167.4399999999996,-5946.9400000000005
-2257.4399999999996,-5986.9400000000005
-2352.4399999999996,-6101.9400000000005
-2452.4399999999996,-6126.9400000000005
-2697.4399999999996,-6266.9400000000005
-2919.9399999999996,-6479.4400000000005
-2997.4399999999996,-6591.9400000000005
-3074.9399999999996,-6634.4400000000005
-3199.9399999999996,-6849.4400000000005
-3309.9399999999996,-6979.4400000000005
-3314.9399999999996,-7124.4400000000005
-3369.9399999999996,-7359.4400000000005
-3297.4399999999996,-7626.9400000000005
-3262.4399999999996,-7636.9400000000005
-3202.4399999999996,-7606.9400000000005
-2977.4399999999996,-7706.9400000000005
-2912.4399999999996,-7671.9400000000005
-2817.4399999999996,-7691.9400000000005
-2804.9399999999996,-7719.4400000000005
-2844.9399999999996,-7834.4400000000005
-2882.4399999999996,-7876.9400000000005
-2967.4399999999996,-7791.9400000000005
-3112.4399999999996,-7796.9400000000005
-3139.9399999999996,-7834.4400000000005
-3129.9399999999996,-7919.4400000000005
-3207.4399999999996,-7966.9400000000005
-3312.4399999999996,-7906.9400000000005
-3387.4399999999996,-7921.9400000000005
-3447.4399999999996,-7886.9400000000005
-3542.4399999999996,-7881.9400000000005
-3607.4399999999996,-7901.9400000000005
-3684.9399999999996,-8099.4400000000005
-3794.9399999999996,-8219.44
-3879.9399999999996,-8359.44
-3944.9399999999996,-8659.44
-3979.9399999999996,-8714.44
-3964.9399999999996,-8759.44
-3994.9399999999996,-8884.44
-3964.9399999999996,-9049.44
-3879.9399999999996,-9214.44
-3802.4399999999996,-9256.94
-3554.9399999999996,-9489.44
-3449.9399999999996,-9764.44
-3334.9399999999996,-9899.44
-3319.9399999999996,-9999.44
-3259.9399999999996,-10069.44
-3234.9399999999996,-10194.44
-2907.4399999999996,-10501.94
-2832.4399999999996,-10551.94
-2662.4399999999996,-10576.94
-2617.4399999999996,-10611.94
-2527.4399999999996,-10631.94
-2252.4399999999996,-10606.94
-2182.4399999999996,-10636.94
-2097.4399999999996,-10581.94
-1977.4399999999996,-10556.94
-1732.4399999999996,-10556.94
-1667.4399999999996,-10576.94
-1367.4399999999996,-10561.94
-1202.4399999999996,-10521.94
-1149.9399999999996,-10479.44
-1069.9399999999996,-10334.44
-1114.9399999999996,-10179.44
-1202.4399999999996,-10096.94
-1329.9399999999996,-10034.44
-1289.9399999999996,-9924.44
-1314.9399999999996,-9784.44
-1284.9399999999996,-9724.44
-1247.4399999999996,-9716.94
-1092.4399999999996,-9871.94
-882.4399999999996,-9991.94
-849.9399999999996,-9974.44
-829.9399999999996,-9909.44
-784.9399999999996,-9879.44
-674.9399999999996,-9709.44
-732.4399999999996,-9591.94
-882.4399999999996,-9581.94
-944.9399999999996,-9519.44
-899.9399999999996,-9474.44
-889.9399999999996,-9414.44
-824.9399999999996,-9379.44
-779.9399999999996,-9289.44
-774.9399999999996,-9234.44
-834.9399999999996,-9114.44
-824.9399999999996,-9049.44
-747.4399999999996,-9021.94
-682.4399999999996,-9031.94
-582.4399999999996,-8966.94
-437.4399999999996,-8926.94
-187.4399999999996,-8801.94
32.5600000000004,-8726.94
492.5600000000004,-8376.94
575.0600000000004,-8534.44
682.5600000000004,-8596.94
837.5600000000004,-8541.94
1017.5600000000004,-8536.94
1072.5600000000004,-8566.94
1197.5600000000004,-8446.94
1277.5600000000004,-8556.94
1435.0600000000004,-8604.44
1435.0600000000004,-8634.44
1342.5600000000004,-8706.94
1287.5600000000004,-8686.94
1232.5600000000004,-8711.94
1102.5600000000004,-8716.94
947.5600000000004,-8686.94
607.5600000000004,-8801.94
460.0600000000004,-8924.44
380.0600000000004,-9204.44
510.0600000000004,-9584.44
607.5600000000004,-9771.94
737.5600000000004,-9836.94
802.5600000000004,-9841.94
932.5600000000004,-10011.94
990.0600000000004,-9989.44
985.0600000000004,-9949.44
945.0600000000004,-9924.44
950.0600000000004,-9894.44
982.5600000000004,-9881.94
1097.5600000000004,-9921.94
1192.5600000000004,-9921.94
1325.0600000000004,-10024.44
1375.0600000000004,-10129.44
1445.0600000000004,-10184.44
1410.0600000000004,-10269.44
1455.0600000000004,-10359.44
1460.0600000000004,-10424.44
1430.0600000000004,-10479.44
1472.5600000000004,-10521.94
1577.5600000000004,-10506.94
1600.0600000000004,-10459.44
1672.5600000000004,-10411.94
1827.5600000000004,-10531.94
2047.5600000000004,-10611.94
2107.5600000000004,-10606.94
2147.5600000000004,-10656.94
2252.5600000000004,-10686.94
2310.0600000000004,-10644.44
2357.5600000000004,-10561.94
2582.5600000000004,-10566.94
2872.5600000000004,-10496.94
2927.5600000000004,-10506.94
2982.5600000000004,-10446.94
3042.5600000000004,-10436.94
3142.5600000000004,-10361.94
3237.5600000000004,-10331.94
3257.5600000000004,-10366.94
3302.5600000000004,-10371.94
3330.0600000000004,-10314.44
3292.5600000000004,-10286.94
3262.5600000000004,-10296.94
3250.0600000000004,-10259.44
3307.5600000000004,-10166.94
3472.5600000000004,-10171.94
3652.5600000000004,-10006.94
3777.5600000000004,-10001.94
3832.5600000000004,-9961.94
3902.5600000000004,-9951.94
3957.5600000000004,-9891.94
4057.5600000000004,-9901.94
4267.56,-9816.94
4295.06,-9829.44
4390.06,-10054.44
4445.06,-10089.44
4532.56,-10206.94
4602.56,-10231.94
4732.56,-10216.94
4945.06,-10109.44
4965.06,-10019.44
5040.06,-9899.44
5295.06,-9599.44
5310.06,-9554.44
5435.06,-9474.44
5435.06,-9409.44
5327.56,-9391.94
5145.06,-9179.44
5145.06,-8974.44
5110.06,-8899.44
5125.06,-8694.44
5055.06,-8544.44
4990.06,-8219.44
4952.56,-8191.9400000000005
4910.06,-8234.44
4915.06,-8334.44
4817.56,-8376.94
4755.06,-8449.44
4820.06,-8609.44
4800.06,-8679.44
4825.06,-8784.44
4805.06,-8869.44
4850.06,-8949.44
4840.06,-9029.44
4875.06,-9194.44
5040.06,-9439.44
4925.06,-9659.44
4895.06,-9789.44
4805.06,-9844.44
4697.56,-9996.94
4637.56,-10001.94
4570.06,-9964.44
4535.06,-9709.44
4555.06,-9514.44
4507.56,-9446.94
4422.56,-9436.94
4377.56,-9396.94
4302.56,-9401.94
4227.56,-9346.94
4072.5600000000004,-9351.94
3992.5600000000004,-9321.94
3887.5600000000004,-9241.94
3802.5600000000004,-9256.94
3747.5600000000004,-9236.94
3687.5600000000004,-9271.94
3642.5600000000004,-9206.94
3542.5600000000004,-9166.94
3302.5600000000004,-9186.94
3182.5600000000004,-9141.94
3152.5600000000004,-9096.94
3112.5600000000004,-9086.94
3052.5600000000004,-9151.94
2732.5600000000004,-9196.94
2700.0600000000004,-9299.44
2725.0600000000004,-9354.44
2710.0600000000004,-9449.44
2627.5600000000004,-9481.94
2525.0600000000004,-9624.44
2530.0600000000004,-9684.44
2640.0600000000004,-9739.44
2615.0600000000004,-9824.44
2665.0600000000004,-9904.44
2675.0600000000004,-10014.44
2645.0600000000004,-10094.44
2607.5600000000004,-10101.94
2550.0600000000004,-10039.44
2540.0600000000004,-9974.44
2467.5600000000004,-9916.94
2427.5600000000004,-9911.94
2395.0600000000004,-9954.44
2405.0600000000004,-10069.44
2370.0600000000004,-10114.44
2360.0600000000004,-10179.44
2297.5600000000004,-10266.94
2235.0600000000004,-10234.44
2230.0600000000004,-10154.44
2107.5600000000004,-10071.94
2065.0600000000004,-10009.44
2005.0600000000004,-9874.44
2000.0600000000004,-9764.44
2062.5600000000004,-9731.94
2112.5600000000004,-9776.94
2162.5600000000004,-9771.94
2200.0600000000004,-9719.44
2185.0600000000004,-9609.44
2252.5600000000004,-9576.94
2325.0600000000004,-9609.44
2337.5600000000004,-9696.94
2362.5600000000004,-9706.94
2427.5600000000004,-9666.94
2455.0600000000004,-9599.44
2405.0600000000004,-9564.44
2405.0600000000004,-9474.44
2305.0600000000004,-9439.44
2315.0600000000004,-9379.44
2397.5600000000004,-9356.94
2415.0600000000004,-9294.44
2497.5600000000004,-9266.94
2522.5600000000004,-9201.94
2617.5600000000004,-9236.94
2660.0600000000004,-9194.44
2622.5600000000004,-9131.94
2517.5600000000004,-9101.94
2485.0600000000004,-9119.44
2480.0600000000004,-9174.44
2452.5600000000004,-9186.94
2302.5600000000004,-9191.94
2187.5600000000004,-9151.94
2127.5600000000004,-9196.94
2082.5600000000004,-9196.94
2070.0600000000004,-9099.44
1992.5600000000004,-9076.94
1925.0600000000004,-9019.44
1990.0600000000004,-8954.44
1980.0600000000004,-8899.44
1947.5600000000004,-8881.94
1890.0600000000004,-8919.44
1875.0600000000004,-8964.44
1905.0600000000004,-9009.44
1837.5600000000004,-9021.94
1785.0600000000004,-8714.44
1847.5600000000004,-8671.94
1902.5600000000004,-8686.94
1930.0600000000004,-8649.44
1912.5600000000004,-8616.94
1852.5600000000004,-8621.94
1810.0600000000004,-8589.44
1815.0600000000004,-8544.44
1770.0600000000004,-8494.44
1765.0600000000004,-8454.44
1822.5600000000004,-8416.94
1872.5600000000004,-8461.94
1912.5600000000004,-8456.94
1950.0600000000004,-8409.44
1957.5600000000004,-8321.94
2137.5600000000004,-8226.94
2302.5600000000004,-8176.9400000000005
2335.0600000000004,-8189.4400000000005
2340.0600000000004,-8274.44
2402.5600000000004,-8306.94
2512.5600000000004,-8276.94
2535.0600000000004,-8239.44
2530.0600000000004,-8179.4400000000005
2577.5600000000004,-8156.9400000000005
2762.5600000000004,-8186.9400000000005
2842.5600000000004,-8171.9400000000005
2907.5600000000004,-8216.94
3017.5600000000004,-8206.94
3127.5600000000004,-8311.94
3217.5600000000004,-8301.94
3260.0600000000004,-8334.44
3185.0600000000004,-8429.44
3190.0600000000004,-8494.44
3235.0600000000004,-8559.44
3210.0600000000004,-8609.44
3162.5600000000004,-8616.94
3112.5600000000004,-8556.94
3075.0600000000004,-8574.44
3065.0600000000004,-8609.44
3125.0600000000004,-8664.44
3150.0600000000004,-8744.44
3275.0600000000004,-8824.44
3330.0600000000004,-8924.44
3287.5600000000004,-8951.94
3237.5600000000004,-8896.94
3197.5600000000004,-8886.94
3092.5600000000004,-8931.94
3080.0600000000004,-8979.44
3147.5600000000004,-9071.94
3312.5600000000004,-9096.94
3372.5600000000004,-9136.94
3457.5600000000004,-9086.94
3552.5600000000004,-9146.94
3742.5600000000004,-9141.94
4002.5600000000004,-9256.94
4177.56,-9256.94
4242.56,-9211.94
4327.56,-9256.94
4370.06,-9214.44
4345.06,-9119.44
4365.06,-9049.44
4330.06,-8989.44
4347.56,-8961.94
4387.56,-8966.94
4415.06,-9029.44
4452.56,-9051.94
4527.56,-9011.94
4597.56,-9061.94
4635.06,-9039.44
4645.06,-8989.44
4595.06,-8939.44
4580.06,-8884.44
4537.56,-8856.94
4392.56,-8851.94
4337.56,-8891.94
4242.56,-8886.94
4197.56,-8901.94
4175.06,-8944.44
4192.56,-8976.94
4250.06,-8999.44
4250.06,-9029.44
4185.06,-9069.44
4147.56,-9136.94
4087.5600000000004,-9151.94
4060.0600000000004,-9134.44
4050.0600000000004,-9069.44
4175.06,-8919.44
4200.06,-8764.44
4275.06,-8629.44
4295.06,-8539.44
4357.56,-8541.94
4402.56,-8591.94
4507.56,-8641.94
4550.06,-8599.44
4515.06,-8499.44
4445.06,-8429.44
4505.06,-8314.44
4435.06,-8249.44
4465.06,-8159.4400000000005
4405.06,-8084.4400000000005
4370.06,-7924.4400000000005
4327.56,-7896.9400000000005
4292.56,-7906.9400000000005
4270.06,-7964.4400000000005
4192.56,-8016.9400000000005
4120.06,-7979.4400000000005
4125.06,-7899.4400000000005
4165.06,-7854.4400000000005
4145.06,-7729.4400000000005
4172.56,-7701.9400000000005
4252.56,-7716.9400000000005
4287.56,-7791.9400000000005
4417.56,-7851.9400000000005
4475.06,-7794.4400000000005
4480.06,-7684.4400000000005
4522.56,-7606.9400000000005
4565.06,-7629.4400000000005
4540.06,-7739.4400000000005
4602.56,-7776.9400000000005
4692.56,-7736.9400000000005
4745.06,-7684.4400000000005
4770.06,-7579.4400000000005
4665.06,-7434.4400000000005
4630.06,-7314.4400000000005
4420.06,-7149.4400000000005
4410.06,-7094.4400000000005
4350.06,-7059.4400000000005
4230.06,-6849.4400000000005
4057.5600000000004,-6756.9400000000005
3887.5600000000004,-6591.9400000000005
3797.5600000000004,-6596.9400000000005
3725.0600000000004,-6464.4400000000005
3647.5600000000004,-6421.9400000000005
3615.0600000000004,-6439.4400000000005
3595.0600000000004,-6509.4400000000005
3635.0600000000004,-6584.4400000000005
3727.5600000000004,-6641.9400000000005
3777.5600000000004,-6626.9400000000005
4050.0600000000004,-6944.4400000000005
4050.0600000000004,-6999.4400000000005
3985.0600000000004,-7079.4400000000005
3965.0600000000004,-7159.4400000000005
3982.5600000000004,-7201.9400000000005
4055.0600000000004,-7219.4400000000005
4070.0600000000004,-7269.4400000000005
3965.0600000000004,-7454.4400000000005
4015.0600000000004,-7594.4400000000005
3995.0600000000004,-7639.4400000000005
3837.5600000000004,-7666.9400000000005
3577.5600000000004,-7566.9400000000005
3545.0600000000004,-7494.4400000000005
3545.0600000000004,-7394.4400000000005
3442.5600000000004,-7326.9400000000005
3377.5600000000004,-7391.9400000000005
3342.5600000000004,-7366.9400000000005
3307.5600000000004,-7381.9400000000005
3237.5600000000004,-7506.9400000000005
3137.5600000000004,-7416.9400000000005
3047.5600000000004,-7456.9400000000005
2997.5600000000004,-7431.9400000000005
2912.5600000000004,-7456.9400000000005
2852.5600000000004,-7421.9400000000005
2800.0600000000004,-7279.4400000000005
2712.5600000000004,-7266.9400000000005
2640.0600000000004,-7129.4400000000005
2730.0600000000004,-7049.4400000000005
2755.0600000000004,-6989.4400000000005
2765.0600000000004,-6909.4400000000005
2720.0600000000004,-6814.4400000000005
2687.5600000000004,-6796.9400000000005
2635.0600000000004,-6834.4400000000005
2625.0600000000004,-6869.4400000000005
2650.0600000000004,-6929.4400000000005
2607.5600000000004,-6971.9400000000005
2550.0600000000004,-6914.4400000000005
2515.0600000000004,-6834.4400000000005
2480.0600000000004,-6644.4400000000005
2430.0600000000004,-6564.4400000000005
2495.0600000000004,-6454.4400000000005
2445.0600000000004,-6364.4400000000005
2647.5600000000004,-6266.9400000000005
2767.5600000000004,-6136.9400000000005
2817.5600000000004,-6116.9400000000005
2890.0600000000004,-6144.4400000000005
2910.0600000000004,-6259.4400000000005
2995.0600000000004,-6309.4400000000005
3005.0600000000004,-6399.4400000000005
3072.5600000000004,-6476.9400000000005
3132.5600000000004,-6431.9400000000005
3237.5600000000004,-6401.9400000000005
3517.5600000000004,-6381.9400000000005
3570.0600000000004,-6264.4400000000005
3560.0600000000004,-6229.4400000000005
3397.5600000000004,-6146.9400000000005
3292.5600000000004,-6146.9400000000005
3122.5600000000004,-6046.9400000000005
3070.0600000000004,-5959.4400000000005
3095.0600000000004,-5909.4400000000005
3085.0600000000004,-5879.4400000000005
3032.5600000000004,-5831.9400000000005
2965.0600000000004,-5814.4400000000005
2845.0600000000004,-5554.4400000000005
2787.5600000000004,-5526.9400000000005
2732.5600000000004,-5551.9400000000005
2662.5600000000004,-5516.9400000000005
2570.0600000000004,-5419.4400000000005
2552.5600000000004,-5346.9400000000005
2462.5600000000004,-5356.9400000000005
2347.5600000000004,-5286.9400000000005
2292.5600000000004,-5191.9400000000005
2242.5600000000004,-5181.9400000000005
2172.5600000000004,-5126.9400000000005
2092.5600000000004,-5146.9400000000005
2037.5600000000004,-5121.9400000000005
1997.5600000000004,-5136.9400000000005
1907.5600000000004,-5036.9400000000005
1832.5600000000004,-5006.9400000000005
1787.5600000000004,-5021.9400000000005
1632.5600000000004,-4961.9400000000005
1605.0600000000004,-4899.4400000000005
1522.5600000000004,-4841.9400000000005
1377.5600000000004,-4831.9400000000005
